The following is the result for active_site_167fg_bi_type_bond3_rf_PF08241_ACS_remove_redundant_15_90_MACCS:best parameters:{'max_depth': 15, 'max_features': 0.7, 'n_estimators': 1500}
accuracy_score: 0.9751643535427319
accuracy: 0.9744338933528123
sensitivity : 0.8620689655172413
specificity : 0.9820592823712948
precision : 0.7653061224489796
mcc_score: 0.8084814298598959
roc_score: 0.9869053382824966
best_score: 0.8647660613401499
###############################################