The following is the result for active_site_167fg_bi_type_bond3_rf_PF08241_ACS_remove_redundant_15_50_MACCS:best parameters:{'max_depth': 10, 'max_features': 0.7, 'n_estimators': 500}
accuracy_score: 0.9738152610441767
accuracy: 0.974136546184739
sensitivity : 0.9890829694323144
specificity : 0.9729495404889891
precision : 0.7438423645320197
mcc_score: 0.8438865553314124
roc_score: 0.9947610747189058
best_score: 0.9489238701925249
###############################################