The following is the result for N_k_mer_encoding_without_align_MACCSkey_no_same_sub:best parameters:{'max_depth': 20, 'max_features': 0.3, 'n_estimators': 500}
accuracy_score: 0.9746168724892129
accuracy: 0.9757178991221545
sensitivity : 0.6144318793753366
specificity : 0.9968501952878922
precision : 0.91941982272361
mcc_score: 0.7290099409638053
roc_score: 0.9961970136526819
threshold: 0.5846398216711999
###############################################