The following is the result for N_k_mer_encoding_without_align_MACCSkey:best parameters:{'max_depth': 20, 'max_features': 0.7, 'n_estimators': 2000}
accuracy_score: 0.9932330502995561
accuracy: 0.9936209646135943
sensitivity : 0.9946360153256705
specificity : 0.993560467665327
precision : 0.9020152883947186
mcc_score: 0.940980258436889
roc_score: 0.9995834715695374
threshold: 0.5848860204458355
###############################################