The following is the result for O_k_mer_encoding_without_align_MACCSkey_no_same_sub:best parameters:{'max_depth': 10, 'max_features': 0.5, 'n_estimators': 1500}
accuracy_score: 0.8826326326326326
accuracy: 0.8978978978978979
sensitivity : 0.7649402390438247
specificity : 0.9068090787716956
precision : 0.35489833641404805
mcc_score: 0.44458562790156675
roc_score: 0.8141686923866616
threshold: 0.8062170847560155
###############################################