The following is the result for 167fg_bond3_rf24_10_2022_MACCS:best parameters:{'max_depth': 14, 'max_features': 0.3, 'n_estimators': 500}
accuracy_score: 0.9243188698284561
accuracy: 0.9374369323915237
sensitivity : 0.42857142857142855
specificity : 0.9679144385026738
precision : 0.4444444444444444
mcc_score: 0.3725926841450432
roc_score: 0.8755634071810543
best_score: 0.8548017369070648
###############################################