The following is the result for active_site_167fg_bi_type_bond3_rf_PF08241_ACS_remove_redundant_11_90_MACCS:best parameters:{'max_depth': 15, 'max_features': 0.7, 'n_estimators': 500}
accuracy_score: 0.9757769652650823
accuracy: 0.9757769652650823
sensitivity : 0.9852507374631269
specificity : 0.9749814218479068
precision : 0.767816091954023
mcc_score: 0.8579413991664037
roc_score: 0.9921401812000062
best_score: 0.9591260594242362
###############################################