The following is the result for active_site_167fg_bi_type_bond3_rf_PF08241_ACS_remove_redundant_15_50_MACCS:best parameters:{'max_depth': 10, 'max_features': 0.5, 'n_estimators': 2000}
accuracy_score: 0.9739759036144578
accuracy: 0.97429718875502
sensitivity : 0.9890829694323144
specificity : 0.9731229408704699
precision : 0.7450657894736842
mcc_score: 0.8446550429863185
roc_score: 0.9948935859274612
best_score: 0.969761502923048
###############################################