The following is the result for active_site_167fg_bi_type_bond3_rf_PF08241_ACS_remove_redundant_15_90_MACCS:best parameters:{'max_depth': 10, 'max_features': 0.7, 'n_estimators': 2000}
accuracy_score: 0.9459459459459459
accuracy: 0.9685902118334551
sensitivity : 0.8620689655172413
specificity : 0.9758190327613104
precision : 0.7075471698113207
mcc_score: 0.6920698317124442
roc_score: 0.9825568884824358
best_score: 0.8804795444639767
###############################################