The following is the result for O_seed_onehot_encoding_sepreate_MACCSkey:best parameters:{'max_depth': 15, 'max_features': 0.3, 'n_estimators': 500}
accuracy_score: 0.9718553459119497
accuracy: 0.9737421383647799
sensitivity : 0.9947916666666666
specificity : 0.9723895582329317
precision : 0.6983546617915904
mcc_score: 0.8119304347480982
roc_score: 0.993649511239402
threshold: 0.5422792448236348
###############################################