The following is the result for active_site_166fg_bi_type_bond3_rf_PF08241_ACS_remove_redundant_15_80_MACCS_no_same_sub:best parameters:{'max_depth': 10, 'max_features': 0.3, 'n_estimators': 1500}
accuracy_score: 0.8906999041227229
accuracy: 0.9280920421860019
sensitivity : 0.26153846153846155
specificity : 0.9723926380368099
precision : 0.38636363636363635
mcc_score: 0.3770197476656133
roc_score: 0.8729196161711501
threshold: 0.5727322674644849
###############################################