The following is the result for active_site_128fg_bi_type_bond3_rf_PF08241_ACS_remove_redundant_11_50_MACCS:best parameters:{'max_depth': 20, 'max_features': 0.3, 'n_estimators': 1500}
accuracy_score: 0.9792557072865631
accuracy: 0.9791514646096112
sensitivity : 0.9745889387144993
specificity : 0.9794935006723442
precision : 0.7808383233532934
mcc_score: 0.8654794258446488
roc_score: 0.9961724618251182
threshold: 0.5503933066689982
###############################################