The following is the result for active_site_166fg_bi_type_bond3_rf_PF08241_ACS_remove_redundant_15_50_MACCS_no_same_sub:best parameters:{'max_depth': 15, 'max_features': 0.3, 'n_estimators': 2000}
accuracy_score: 0.9226401703335699
accuracy: 0.9127040454222853
sensitivity : 0.046511627906976744
specificity : 1.0
precision : 1.0
mcc_score: 0.37798451178181997
roc_score: 0.7380390019379846
threshold: 0.5485829194441382
###############################################