The following is the result for active_site_166fg_bi_type_bond3_rf_PF08241_ACS_remove_redundant_11_30_MACCS_no_same_sub:best parameters:{'max_depth': 20, 'max_features': 0.3, 'n_estimators': 1000}
accuracy_score: 0.9526832083092902
accuracy: 0.9529717253317945
sensitivity : 0.6628175519630485
specificity : 0.9723034312971226
precision : 0.6145610278372591
mcc_score: 0.6133938683071891
roc_score: 0.9472244264262365
threshold: 0.5055549652085896
###############################################