The following is the result for active_site_166fg_bi_type_bond3_rf_PF08241_ACS_remove_redundant_11_80_MACCS_no_same_sub:best parameters:{'max_depth': 10, 'max_features': 0.3, 'n_estimators': 2000}
accuracy_score: 0.9078947368421053
accuracy: 0.9078947368421053
sensitivity : 0.0989010989010989
specificity : 0.9568106312292359
precision : 0.12162162162162163
mcc_score: 0.08212521210885926
roc_score: 0.8858676207513416
threshold: 0.5224563832370113
###############################################