The following is the result for active_site_167fg_bi_type_bond3_rf_PF08241_ACS_remove_redundant_9_90_MACCS:best parameters:{'max_depth': 15, 'max_features': 0.3, 'n_estimators': 500}
accuracy_score: 0.9769248343614347
accuracy: 0.9769248343614347
sensitivity : 0.9940652818991098
specificity : 0.9754950495049505
precision : 0.771889400921659
mcc_score: 0.8648130174888046
roc_score: 0.9952485530452155
best_score: 0.8866316889985306
###############################################