The following is the result for active_site_167fg_bi_type_bond3_rf_PF08241_ACS_remove_redundant_11_10_MACCS:best parameters:{'max_depth': 15, 'max_features': 0.5, 'n_estimators': 500}
accuracy_score: 0.9813652015393964
accuracy: 0.9812639254608062
sensitivity : 0.9839650145772595
specificity : 0.9810622551153678
precision : 0.7950530035335689
mcc_score: 0.876981154287879
roc_score: 0.996693700491578
best_score: 0.9561009788543592
###############################################