The following is the result for active_site_167fg_bi_type_bond3_rf_PF08241_ACS_remove_redundant_9_10_MACCS:best parameters:{'max_depth': 15, 'max_features': 0.5, 'n_estimators': 1500}
accuracy_score: 0.9809156626506024
accuracy: 0.9810120481927711
sensitivity : 0.9789029535864979
specificity : 0.9811672185430463
precision : 0.7927107061503417
mcc_score: 0.8721111266748203
roc_score: 0.9966909247771538
best_score: 0.9611265081783481
###############################################