accuracy: 0.9576912141029287
mcc_score: 0.036378102362274754
sensitivity : 0.9890726520968695
specificity : 0.14526107399158625
precision : 0.7950148367952522
###############################################